2 305 3 301 2 279 2
1 157 2 948 0 800 2
1 902 2 853 3 56 2
2 200 0 966 3 126 1
2 305 3 301 2 279 2
1 157 2 948 0 800 2
1 902 2 853 3 56 2
2 200 0 966 3 126 1
2 305 3 301 2 279 2
1 157 2 948 0 800 2
1 902 2 853 3 56 2
2 200 0 966 3 126 1
2 305 3 301 2 279 2
1 157 2 948 0 800 2
1 902 2 853 3 56 2
2 200 0 966 3 126 1
2 305 3 301 2 279 2
1 157 2 948 0 800 2
1 902 2 853 3 56 2
2 200 0 966 3 126 1
2 305 3 301 2 279 2
1 157 2 948 0 800 2
1 902 2 853 3 56 2
2 200 0 966 3 126 1
2 305 3 301 2 279 2
1 157 2 948 0 800 2
1 902 2 853 3 56 2
2 200 0 966 3 126 1
2 305 3 301 2 279 2
1 157 2 948 0 800 2
1 902 2 853 3 56 2
2 200 0 966 3 126 1
2 305 3 301 2 279 2
1 157 2 948 0 800 2
1 902 2 853 3 56 2
2 200 0 966 3 126 1
2 305 3 301 2 279 2
1 157 2 948 0 800 2
1 902 2 853 3 56 2
2 200 0 966 3 126 1
2 305 3 301 2 279 2
1 157 2 948 0 800 2
1 902 2 853 3 56 2
2 200 0 966 3 126 1
2 305 3 301 2 279 2
1 157 2 948 0 800 2
1 902 2 853 3 56 2
2 200 0 966 3 126 1
2 305 3 301 2 279 2
1 157 2 948 0 800 2
1 902 2 853 3 56 2
2 200 0 966 3 126 1
2 305 3 301 2 279 2
1 157 2 948 0 800 2
1 902 2 853 3 56 2
2 200 0 966 3 126 1
2 305 3 301 2 279 2
1 157 2 948 0 800 2
1 902 2 853 3 56 2
2 200 0 966 3 126 1
2 305 3 301 2 279 2
1 157 2 948 0 800 2
1 902 2 853 3 56 2
2 200 0 966 3 126 1
2 305 3 301 2 279 2
1 157 2 948 0 800 2
1 902 2 853 3 56 2
2 200 0 966 3 126 1
2 305 3 301 2 279 2
1 157 2 948 0 800 2
1 902 2 853 3 56 2
2 200 0 966 3 126 1
2 305 3 301 2 279 2
1 157 2 948 0 800 2
1 902 2 853 3 56 2
2 200 0 966 3 126 1
2 305 3 301 2 279 2
1 157 2 948 0 800 2
1 902 2 853 3 56 2
2 200 0 966 3 126 1
2 305 3 301 2 279 2
1 157 2 948 0 800 2
1 902 2 853 3 56 2
2 200 0 966 3 126 1
2 305 3 301 2 279 2
1 157 2 948 0 800 2
1 902 2 853 3 56 2
2 200 0 966 3 126 1
2 305 3 301 2 279 2
1 157 2 948 0 800 2
1 902 2 853 3 56 2
2 200 0 966 3 126 1
2 305 3 301 2 279 2
1 157 2 948 0 800 2
1 902 2 853 3 56 2
2 200 0 966 3 126 1
2 305 3 301 2 279 2
1 157 2 948 0 800 2
1 902 2 853 3 56 2
2 200 0 966 3 126 1
2 305 3 301 2 279 2
1 157 2 948 0 800 2
1 902 2 853 3 56 2
2 200 0 966 3 126 1
2 305 3 301 2 279 2
1 157 2 948 0 800 2
1 902 2 853 3 56 2
2 200 0 966 3 126 1
2 305 3 301 2 279 2
1 157 2 948 0 800 2
1 902 2 853 3 56 2
2 200 0 966 3 126 1
2 305 3 301 2 279 2
1 157 2 948 0 800 2
1 902 2 853 3 56 2
2 200 0 966 3 126 1
2 305 3 301 2 279 2
1 157 2 948 0 800 2
1 902 2 853 3 56 2
2 200 0 966 3 126 1
2 305 3 301 2 279 2
1 157 2 948 0 800 2
1 902 2 853 3 56 2
2 200 0 966 3 126 1
2 305 3 301 2 279 2
1 157 2 948 0 800 2
1 902 2 853 3 56 2
2 200 0 966 3 126 1
2 305 3 301 2 279 2
1 157 2 948 0 800 2
1 902 2 853 3 56 2
2 200 0 966 3 126 1
2 305 3 301 2 279 2
1 157 2 948 0 800 2
1 902 2 853 3 56 2
2 200 0 966 3 126 1
2 305 3 301 2 279 2
1 157 2 948 0 800 2
1 902 2 853 3 56 2
2 200 0 966 3 126 1
2 305 3 301 2 279 2
1 157 2 948 0 800 2
1 902 2 853 3 56 2
2 200 0 966 3 126 1
2 305 3 301 2 279 2
1 157 2 948 0 800 2
1 902 2 853 3 56 2
2 200 0 966 3 126 1
2 305 3 301 2 279 2
1 157 2 948 0 800 2
1 902 2 853 3 56 2
2 200 0 966 3 126 1
2 305 3 301 2 279 2
1 157 2 948 0 800 2
1 902 2 853 3 56 2
2 200 0 966 3 126 1
2 305 3 301 2 279 2
1 157 2 948 0 800 2
1 902 2 853 3 56 2
2 200 0 966 3 126 1
2 305 3 301 2 279 2
1 157 2 948 0 800 2
1 902 2 853 3 56 2
2 200 0 966 3 126 1
2 305 3 301 2 279 2
1 157 2 948 0 800 2
1 902 2 853 3 56 2
2 200 0 966 3 126 1
2 305 3 301 2 279 2
1 157 2 948 0 800 2
1 902 2 853 3 56 2
2 200 0 966 3 126 1
2 305 3 301 2 279 2
1 157 2 948 0 800 2
1 902 2 853 3 56 2
2 200 0 966 3 126 1
2 305 3 301 2 279 2
1 157 2 948 0 800 2
1 902 2 853 3 56 2
2 200 0 966 3 126 1
2 305 3 301 2 279 2
1 157 2 948 0 800 2
1 902 2 853 3 56 2
2 200 0 966 3 126 1
2 282 0 625 2 641 1
1 794 3 213 2 73 1
1 116 2 652 1 356 0
2 892 3 875 3 657 2
1 472 1 392 3 651 2
2 175 0 715 2 618 2
1 225 1 370 3 382 2
2 795 2 482 0 193 3
2 727 2 946 0 739 2
2 388 2 517 1 483 3
2 395 2 705 2 362 1
2 298 3 588 2 826 0
1 505 3 671 0 518 0
1 149 1 269 3 26 2
2 747 2 534 3 919 3
1 18 3 355 2 303 2
-1 18 3 355 2 303 2