2 486 2 448 0 918 0
1 733 2 62 2 230 3
2 814 3 76 1 691 1
1 846 1 914 3 891 0
2 486 2 448 0 918 0
1 733 2 62 2 230 3
2 814 3 76 1 691 1
1 846 1 914 3 891 0
2 486 2 448 0 918 0
1 733 2 62 2 230 3
2 814 3 76 1 691 1
1 846 1 914 3 891 0
2 486 2 448 0 918 0
1 733 2 62 2 230 3
2 814 3 76 1 691 1
1 846 1 914 3 891 0
2 486 2 448 0 918 0
1 733 2 62 2 230 3
2 814 3 76 1 691 1
1 846 1 914 3 891 0
2 486 2 448 0 918 0
1 733 2 62 2 230 3
2 814 3 76 1 691 1
1 846 1 914 3 891 0
2 486 2 448 0 918 0
1 733 2 62 2 230 3
2 814 3 76 1 691 1
1 846 1 914 3 891 0
2 486 2 448 0 918 0
1 733 2 62 2 230 3
2 814 3 76 1 691 1
1 846 1 914 3 891 0
2 486 2 448 0 918 0
1 733 2 62 2 230 3
2 814 3 76 1 691 1
1 846 1 914 3 891 0
2 486 2 448 0 918 0
1 733 2 62 2 230 3
2 814 3 76 1 691 1
1 846 1 914 3 891 0
2 486 2 448 0 918 0
1 733 2 62 2 230 3
2 814 3 76 1 691 1
1 846 1 914 3 891 0
2 486 2 448 0 918 0
1 733 2 62 2 230 3
2 814 3 76 1 691 1
1 846 1 914 3 891 0
2 486 2 448 0 918 0
1 733 2 62 2 230 3
2 814 3 76 1 691 1
1 846 1 914 3 891 0
2 486 2 448 0 918 0
1 733 2 62 2 230 3
2 814 3 76 1 691 1
1 846 1 914 3 891 0
2 486 2 448 0 918 0
1 733 2 62 2 230 3
2 814 3 76 1 691 1
1 846 1 914 3 891 0
2 486 2 448 0 918 0
1 733 2 62 2 230 3
2 814 3 76 1 691 1
1 846 1 914 3 891 0
2 486 2 448 0 918 0
1 733 2 62 2 230 3
2 814 3 76 1 691 1
1 846 1 914 3 891 0
2 486 2 448 0 918 0
1 733 2 62 2 230 3
2 814 3 76 1 691 1
1 846 1 914 3 891 0
2 486 2 448 0 918 0
1 733 2 62 2 230 3
2 814 3 76 1 691 1
1 846 1 914 3 891 0
2 486 2 448 0 918 0
1 733 2 62 2 230 3
2 814 3 76 1 691 1
1 846 1 914 3 891 0
2 486 2 448 0 918 0
1 733 2 62 2 230 3
2 814 3 76 1 691 1
1 846 1 914 3 891 0
2 486 2 448 0 918 0
1 733 2 62 2 230 3
2 814 3 76 1 691 1
1 846 1 914 3 891 0
2 486 2 448 0 918 0
1 733 2 62 2 230 3
2 814 3 76 1 691 1
1 846 1 914 3 891 0
2 486 2 448 0 918 0
1 733 2 62 2 230 3
2 814 3 76 1 691 1
1 846 1 914 3 891 0
2 486 2 448 0 918 0
1 733 2 62 2 230 3
2 814 3 76 1 691 1
1 846 1 914 3 891 0
2 486 2 448 0 918 0
1 733 2 62 2 230 3
2 814 3 76 1 691 1
1 846 1 914 3 891 0
2 486 2 448 0 918 0
1 733 2 62 2 230 3
2 814 3 76 1 691 1
1 846 1 914 3 891 0
2 486 2 448 0 918 0
1 733 2 62 2 230 3
2 814 3 76 1 691 1
1 846 1 914 3 891 0
2 486 2 448 0 918 0
1 733 2 62 2 230 3
2 814 3 76 1 691 1
1 846 1 914 3 891 0
2 486 2 448 0 918 0
1 733 2 62 2 230 3
2 814 3 76 1 691 1
1 846 1 914 3 891 0
2 486 2 448 0 918 0
1 733 2 62 2 230 3
2 814 3 76 1 691 1
1 846 1 914 3 891 0
2 486 2 448 0 918 0
1 733 2 62 2 230 3
2 814 3 76 1 691 1
1 846 1 914 3 891 0
2 486 2 448 0 918 0
1 733 2 62 2 230 3
2 814 3 76 1 691 1
1 846 1 914 3 891 0
2 486 2 448 0 918 0
1 733 2 62 2 230 3
2 814 3 76 1 691 1
1 846 1 914 3 891 0
2 486 2 448 0 918 0
1 733 2 62 2 230 3
2 814 3 76 1 691 1
1 846 1 914 3 891 0
2 486 2 448 0 918 0
1 733 2 62 2 230 3
2 814 3 76 1 691 1
1 846 1 914 3 891 0
2 486 2 448 0 918 0
1 733 2 62 2 230 3
2 814 3 76 1 691 1
1 846 1 914 3 891 0
2 486 2 448 0 918 0
1 733 2 62 2 230 3
2 814 3 76 1 691 1
1 846 1 914 3 891 0
1 850 0 118 3 653 0
2 647 1 2 3 990 2
1 966 2 751 2 28 1
1 385 0 975 0 518 1
1 648 3 864 2 439 3
2 813 3 151 2 454 0
2 259 2 903 1 721 0
2 141 1 313 3 797 0
1 472 1 771 0 795 0
2 399 3 207 1 125 3
2 197 2 444 0 814 2
2 333 3 860 0 349 1
1 698 0 209 3 405 1
2 139 2 277 1 545 3
2 515 0 260 0 425 2
2 926 2 564 0 714 1
2 927 2 66 3 202 1
1 427 2 213 0 961 1
2 23 3 495 0 639 1
1 512 3 41 1 164 3
2 508 2 307 1 473 3
2 430 0 552 2 798 3
2 235 0 252 3 113 3
1 151 1 781 3 18 1
1 228 0 676 3 816 2
1 374 1 512 1 44 2
2 378 3 222 1 118 0
2 431 2 490 3 963 1
2 563 2 810 0 142 3
2 12 0 295 2 726 0
1 106 3 104 0 660 3
2 417 1 621 3 384 2
2 360 3 623 0 42 0
1 975 3 684 0 345 1
2 471 0 833 0 720 2
1 31 2 559 2 810 1
2 959 2 758 0 967 0
1 62 3 393 2 834 0
2 815 2 215 0 151 2
1 712 1 218 0 277 0
1 80 0 651 0 319 3
2 222 1 643 2 486 1
1 467 2 913 3 63 3
2 670 1 725 3 271 0
2 257 2 722 3 646 1
2 286 1 125 3 663 3
1 401 1 923 0 899 2
2 845 3 415 3 154 1
-1 18 3 355 2 303 2