2 104 2 294 2 71 2
2 527 3 65 0 587 2
1 779 0 232 2 718 3
2 240 1 360 1 414 3
2 104 2 294 2 71 2
2 527 3 65 0 587 2
1 779 0 232 2 718 3
2 240 1 360 1 414 3
2 104 2 294 2 71 2
2 527 3 65 0 587 2
1 779 0 232 2 718 3
2 240 1 360 1 414 3
2 104 2 294 2 71 2
2 527 3 65 0 587 2
1 779 0 232 2 718 3
2 240 1 360 1 414 3
2 104 2 294 2 71 2
2 527 3 65 0 587 2
1 779 0 232 2 718 3
2 240 1 360 1 414 3
2 104 2 294 2 71 2
2 527 3 65 0 587 2
1 779 0 232 2 718 3
2 240 1 360 1 414 3
2 104 2 294 2 71 2
2 527 3 65 0 587 2
1 779 0 232 2 718 3
2 240 1 360 1 414 3
2 104 2 294 2 71 2
2 527 3 65 0 587 2
1 779 0 232 2 718 3
2 240 1 360 1 414 3
2 104 2 294 2 71 2
2 527 3 65 0 587 2
1 779 0 232 2 718 3
2 240 1 360 1 414 3
2 104 2 294 2 71 2
2 527 3 65 0 587 2
1 779 0 232 2 718 3
2 240 1 360 1 414 3
2 104 2 294 2 71 2
2 527 3 65 0 587 2
1 779 0 232 2 718 3
2 240 1 360 1 414 3
2 104 2 294 2 71 2
2 527 3 65 0 587 2
1 779 0 232 2 718 3
2 240 1 360 1 414 3
2 104 2 294 2 71 2
2 527 3 65 0 587 2
1 779 0 232 2 718 3
2 240 1 360 1 414 3
2 104 2 294 2 71 2
2 527 3 65 0 587 2
1 779 0 232 2 718 3
2 240 1 360 1 414 3
2 104 2 294 2 71 2
2 527 3 65 0 587 2
1 779 0 232 2 718 3
2 240 1 360 1 414 3
2 104 2 294 2 71 2
2 527 3 65 0 587 2
1 779 0 232 2 718 3
2 240 1 360 1 414 3
2 104 2 294 2 71 2
2 527 3 65 0 587 2
1 779 0 232 2 718 3
2 240 1 360 1 414 3
2 104 2 294 2 71 2
2 527 3 65 0 587 2
1 779 0 232 2 718 3
2 240 1 360 1 414 3
2 104 2 294 2 71 2
2 527 3 65 0 587 2
1 779 0 232 2 718 3
2 240 1 360 1 414 3
2 104 2 294 2 71 2
2 527 3 65 0 587 2
1 779 0 232 2 718 3
2 240 1 360 1 414 3
2 104 2 294 2 71 2
2 527 3 65 0 587 2
1 779 0 232 2 718 3
2 240 1 360 1 414 3
2 104 2 294 2 71 2
2 527 3 65 0 587 2
1 779 0 232 2 718 3
2 240 1 360 1 414 3
2 104 2 294 2 71 2
2 527 3 65 0 587 2
1 779 0 232 2 718 3
2 240 1 360 1 414 3
2 104 2 294 2 71 2
2 527 3 65 0 587 2
1 779 0 232 2 718 3
2 240 1 360 1 414 3
2 104 2 294 2 71 2
2 527 3 65 0 587 2
1 779 0 232 2 718 3
2 240 1 360 1 414 3
2 104 2 294 2 71 2
2 527 3 65 0 587 2
1 779 0 232 2 718 3
2 240 1 360 1 414 3
1 383 1 399 3 159 0
2 244 2 426 1 550 1
2 669 0 32 3 278 1
1 504 0 395 0 47 3
1 298 0 548 0 877 1
2 2 0 588 3 162 3
2 251 3 692 2 173 2
1 175 1 167 0 607 0
1 38 2 759 0 282 0
1 290 3 284 3 144 0
1 43 0 516 0 997 3
1 25 2 766 1 53 2
2 63 3 520 3 45 1
2 842 3 758 2 258 1
2 497 0 468 2 418 0
1 693 0 833 0 186 1
2 462 2 126 1 787 1
1 652 0 325 0 725 3
1 317 1 93 3 715 1
1 930 0 895 1 831 3
1 974 0 813 1 77 3
2 385 3 707 2 475 3
1 40 3 983 2 483 0
1 925 3 605 3 101 2
2 824 1 567 1 287 3
2 216 3 841 1 414 2
2 633 0 206 2 283 2
1 264 2 130 0 795 2
2 778 3 710 3 604 1
1 44 3 444 1 485 0
2 582 3 635 3 658 3
2 974 3 257 0 935 2
2 518 2 11 1 480 2
1 662 0 432 2 842 1
1 941 2 249 0 478 0
2 740 3 914 2 213 2
2 735 3 316 0 391 3
2 595 3 520 1 671 2
1 43 2 338 1 172 2
1 605 3 110 3 288 2
1 759 2 449 1 508 3
2 80 2 656 2 760 3
2 533 3 337 2 246 2
1 828 0 841 2 829 0
2 577 1 455 0 537 3
2 873 0 238 2 936 0
2 276 2 231 1 734 1
1 633 3 743 0 142 3
1 773 1 825 3 946 0
2 263 2 105 3 566 2
2 343 0 671 1 123 3
1 843 1 310 3 57 1
2 430 3 496 1 163 3
1 875 2 240 3 414 1
2 375 2 907 0 9 3
1 911 2 185 3 403 2
1 435 3 395 1 453 2
2 609 3 739 0 823 2
1 973 3 26 2 233 0
2 405 1 397 2 328 3
2 825 1 767 2 808 2
2 126 1 499 0 722 1
1 767 1 190 0 524 0
2 943 2 787 3 87 0
2 773 2 587 3 821 1
2 312 2 204 0 795 0
2 839 3 145 3 711 1
1 596 2 93 0 999 3
1 189 2 956 1 730 1
2 392 1 654 0 867 2
1 309 0 337 1 312 0
2 518 0 273 3 901 2
1 642 2 279 3 294 3
1 643 0 487 1 79 0
2 523 1 845 2 787 1
2 105 0 366 1 553 0
1 171 1 270 2 485 0
2 283 2 348 0 597 2
1 342 2 839 1 590 2
2 967 2 468 0 347 3
1 253 0 192 2 118 1
2 507 1 374 1 232 3
1 158 3 182 2 19 0
2 131 0 105 0 611 1
1 814 0 164 3 170 2
2 985 3 373 2 538 2
1 313 3 438 2 946 2
1 341 3 894 1 235 3
1 41 3 437 0 860 3
1 341 0 183 0 927 3
2 775 3 629 1 812 2
1 413 2 450 0 73 1
1 349 1 912 1 669 2
2 801 2 891 2 665 2
1 119 0 5 2 973 3
2 617 2 235 0 108 3
-1 18 3 355 2 303 2