0 376 808 228 652 524 0
2 315 865 327 461 512 518
2 253 694 142 956 759 715
2 242 951 435 869 53 479
1 709 14 584 857 22 510
0 570 266 621 4 411 915
2 571 360 886 44 60 42
1 702 509 907 211 81 482
0 631 196 110 506 276 215
0 181 116 565 814 125 559
0 376 808 228 652 524 0
2 315 865 327 461 512 518
2 253 694 142 956 759 715
2 242 951 435 869 53 479
1 709 14 584 857 22 510
0 570 266 621 4 411 915
2 571 360 886 44 60 42
1 702 509 907 211 81 482
0 631 196 110 506 276 215
0 181 116 565 814 125 559
0 376 808 228 652 524 0
2 315 865 327 461 512 518
2 253 694 142 956 759 715
2 242 951 435 869 53 479
1 709 14 584 857 22 510
0 570 266 621 4 411 915
2 571 360 886 44 60 42
1 702 509 907 211 81 482
0 631 196 110 506 276 215
0 181 116 565 814 125 559
0 376 808 228 652 524 0
2 315 865 327 461 512 518
2 253 694 142 956 759 715
2 242 951 435 869 53 479
1 709 14 584 857 22 510
0 570 266 621 4 411 915
2 571 360 886 44 60 42
1 702 509 907 211 81 482
0 631 196 110 506 276 215
0 181 116 565 814 125 559
0 376 808 228 652 524 0
2 315 865 327 461 512 518
2 253 694 142 956 759 715
2 242 951 435 869 53 479
1 709 14 584 857 22 510
0 570 266 621 4 411 915
2 571 360 886 44 60 42
1 702 509 907 211 81 482
0 631 196 110 506 276 215
0 181 116 565 814 125 559
0 376 808 228 652 524 0
2 315 865 327 461 512 518
2 253 694 142 956 759 715
2 242 951 435 869 53 479
1 709 14 584 857 22 510
0 570 266 621 4 411 915
2 571 360 886 44 60 42
1 702 509 907 211 81 482
0 631 196 110 506 276 215
0 181 116 565 814 125 559
0 376 808 228 652 524 0
2 315 865 327 461 512 518
2 253 694 142 956 759 715
2 242 951 435 869 53 479
1 709 14 584 857 22 510
0 570 266 621 4 411 915
2 571 360 886 44 60 42
1 702 509 907 211 81 482
0 631 196 110 506 276 215
0 181 116 565 814 125 559
2 406 7 889 948 993 596
0 376 808 228 652 524 0
2 315 865 327 461 512 518
2 253 694 142 956 759 715
2 242 951 435 869 53 479
1 709 14 584 857 22 510
0 570 266 621 4 411 915
2 571 360 886 44 60 42
1 702 509 907 211 81 482
0 631 196 110 506 276 215
0 181 116 565 814 125 559
0 376 808 228 652 524 0
2 315 865 327 461 512 518
2 253 694 142 956 759 715
2 242 951 435 869 53 479
1 709 14 584 857 22 510
0 570 266 621 4 411 915
2 571 360 886 44 60 42
1 702 509 907 211 81 482
0 631 196 110 506 276 215
0 181 116 565 814 125 559
0 498 247 976 475 251 785
2 225 482 693 452 209 364
0 366 936 411 897 656 488
1 47 888 887 417 19 731
2 314 346 56 32 220 215
0 103 472 159 896 514 95
0 808 349 398 284 163 614
0 33 128 755 454 760 206
2 538 978 19 64 53 838
-1 538 978 19 64 53 838
